19563
722
2470
11
101
1
28006
10522
463
460
5574
19
5481
63357
5
20844
34083
3
392
38
17686
863
63
440824
0
1646
38
85
28
478
3
3607
94284
2247
38
35844
1956
39472
83
465
4740
1101
4232
50
153
142
2635
509
955
0
10166
21129
37325
1933
1117
104
154
337
3275
0
616
93280
2644
11
132
7166
3558
1692
0
0
9683
1303
1371
69
4965
0
10673
931
11
169469
24717
31693
14998
961
4742
21212
185
822
284
6436
2771
500
8100
965
0
178
498
2
314
436
0
249
44
872
521
289
391
569
39
2009
1
23567
5744
1
67
35
1403
684
27
7005
43416
7
521
57
12584
2868
360
13658
105224
10370
0
558
100460
20600
14093
12407
19631
5495
234146
343
0
1
3
44
483
54086
1842
654
0
510
7583
111
51
1916
40478
1273
1726
67240
467
4734
221
53482
387
191
5
1453
305
71
24
182
6
89
22738
1517519
271
18637
12478
234538
19
1844
2921
22
344
0
340
225
412
19488
784
2504
11
97
1
29046
10916
469
454
5776
16
5282
65765
5
20493
34083
3
499
38
18161
863
63
444632
0
1632
36
84
50
469
2
3879
94584
2313
32
37307
1974
39003
83
465
4855
1169
4370
68
124
143
2663
509
678
0
10877
21426
38304
1993
1117
104
148
345
3245
0
617
93497
2644
11
137
7637
3596
1702
0
0
9903
1292
1371
69
4965
0
11113
935
8
174387
25022
31738
15833
966
4778
20972
133
877
285
6715
3008
500
8084
1295
0
178
487
2
338
458
0
247
54
927
461
295
392
569
40
2062
1
24225
5831
2
60
38
1479
728
36
7231
43506
9
521
58
12847
2942
363
13788
106040
11170
0
495
104924
20990
13892
12227
18952
5622
236636
367
0
1
3
44
483
55215
1885
686
0
484
7127
112
35
1907
43764
1277
1689
67573
441
4734
200
53737
336
197
5
1410
305
72
24
181
6
87
22495
1539030
192
19271
12208
235119
37
1919
3049
22
391
0
338
225
419
19718
792
2509
7
99
1
30735
11097
475
449
5878
16
5480
67529
5
20749
34083
4
541
36
18816
1084
63
453463
0
1606
36
85
50
517
3
3993
94912
2438
29
37064
2015
39849
83
594
4933
1222
4128
87
117
145
2650
578
599
0
11363
21426
39398
2046
1117
104
147
346
3291
0
417
93607
2698
13
133
7726
3596
1723
0
0
10404
1292
1346
90
5099
0
11599
940
8
178014
25610
31356
16724
968
5014
20637
139
908
282
6946
2992
1085
8191
1295
0
178
494
10
356
469
0
250
52
933
480
289
396
584
39
2104
4
23155
5864
2
57
43
1592
732
42
7390
43571
10
521
66
13285
2975
365
14531
107868
11567
1
476
103904
21362
13792
12310
18348
5737
239422
415
0
1
3
28
487
54523
1931
731
0
497
6697
113
36
1904
46155
1295
1691
67804
414
4705
179
53810
354
212
4
1422
305
71
24
176
6
89
22390
1551095
143
19823
11954
235994
42
1992
2686
21
556
1
360
225
442
19603
807
2541
6
102
1
32549
10490
494
454
6045
10
5545
70018
5
20442
34326
4
565
36
19243
1131
63
465298
0
1689
31
82
50
548
3
4183
95243
2492
29
35692
2035
40651
99
594
5031
1227
4664
117
110
147
2756
565
579
0
11710
22378
40241
2046
1117
104
142
348
3361
0
428
93808
2703
14
129
7741
3566
1738
0
0
11061
1327
1346
87
4799
0
12077
934
9
183022
26120
30947
17498
973
5335
19573
142
818
266
7117
3042
1085
8395
1602
0
178
492
15
348
490
0
243
64
977
534
283
417
565
38
2215
4
24387
6012
2
47
54
1723
752
51
7851
43630
11
858
71
13500
3012
386
14975
107417
12084
1
483
103969
22197
13579
12368
17979
5779
234682
425
0
1
2
24
487
52913
1899
775
0
439
6411
113
49
1904
48961
1324
1677
68051
432
4642
178
55676
376
224
4
1406
305
75
24
179
6
86
22316
1578096
98
20318
11675
236697
45
2083
2825
20
724
1
375
246
455
19132
850
2587
6
110
1
34919
10534
523
474
6363
10
5524
71412
5
19447
34405
4
612
36
19816
1206
66
474332
0
1770
41
79
50
512
3
2179
95531
2489
16
34592
2048
44105
99
594
5201
1293
4687
136
104
148
2846
590
396
0
11934
22378
41176
2107
1117
105
131
352
3470
0
240
93622
2740
14
129
7521
3840
1746
0
0
11288
1284
1346
90
4825
0
12608
920
8
186514
26778
30409
18558
306
5796
18655
147
895
280
7267
3253
1085
8733
1799
0
178
508
15
358
514
0
242
65
992
671
244
414
539
32
2329
5
24036
6183
3
47
65
2223
757
55
8366
43710
13
858
71
13865
3095
401
15422
107760
12689
2
571
104514
22435
13291
12478
17591
5880
229318
452
0
0
2
9
486
53083
1964
861
0
430
6298
131
56
1916
52717
1307
1682
68383
428
4642
193
57115
418
224
4
1384
305
62
24
177
6
87
22398
1603661
88
20782
11421
237305
61
2286
3001
23
883
1
362
248
401
19326
893
2647
6
121
40
36519
10756
533
459
6613
9
5509
73490
5
18567
34391
4
715
36
20252
1299
66
493619
0
1827
55
76
50
433
3
2179
95884
2597
15
34834
2066
46216
104
594
5384
1445
4787
227
65
149
2876
573
314
0
12220
22716
42259
2094
1454
105
125
351
3550
0
245
93377
2777
15
127
7667
3947
1756
0
0
12047
1284
1346
95
4935
0
13340
906
14
189463
27118
29863
19651
314
6084
18303
148
942
280
7390
3395
1085
9082
1999
0
178
485
15
369
540
0
234
73
990
688
208
421
543
32
2395
5
25529
6352
3
49
90
2621
783
81
8486
43817
14
858
72
14243
3164
401
16238
107615
13673
2
580
108616
22947
13053
12484
17188
5815
229997
463
0
0
0
3
484
51329
1977
954
0
429
6106
150
62
1920
56109
1148
1682
68780
397
4622
187
58660
470
235
5
1372
305
62
24
180
6
89
22363
1633711
90
21411
11090
237837
63
2280
3197
23
933
1
402
256
417
19462
920
2734
4
121
40
35743
10688
537
476
6818
9
5595
75680
0
17651
34457
4
747
32
20753
1419
66
516614
0
1841
58
72
50
449
10
2179
96046
2639
13
34861
2084
48221
104
594
5503
1544
5088
282
60
149
3021
563
243
0
12695
22957
43398
2093
1454
114
120
353
3648
0
263
94641
2842
15
125
7922
3976
1778
0
0
12128
1076
1401
95
4983
0
13845
886
11
197387
27411
29633
20775
320
5614
17638
137
967
265
7621
3491
1085
9393
2206
0
150
520
20
365
553
0
229
95
1044
732
191
412
560
29
2507
5
25786
6496
3
44
115
2759
811
99
9030
43905
16
858
73
14491
3284
445
16399
107942
14060
3
685
103619
23667
12748
12678
16603
5937
227642
458
0
0
0
0
480
52632
2063
1068
0
421
6104
160
73
1920
58139
1054
1682
69191
384
4671
198
59857
524
247
5
1364
305
64
24
182
7
91
22248
1671114
72
21951
11194
238290
75
2369
3411
23
1108
1
394
277
420
19239
931
2874
4
168
40
37394
10577
589
509
6978
6
5408
77965
0
16592
34536
4
815
37
21548
1419
66
528882
0
1934
58
74
54
511
12
2179
96290
2685
13
34364
2096
50653
104
594
5600
1640
5156
365
57
151
3267
563
243
0
13235
23230
44075
2137
1454
138
105
367
3461
0
270
94641
2842
16
126
7972
4071
1801
0
0
12568
1046
1275
109
4971
0
14761
879
13
203051
28183
29155
21664
339
6102
16836
128
990
261
7415
3734
1085
9461
2255
0
153
533
20
404
538
0
232
129
1082
765
187
422
607
26
2560
5
25700
6596
4
44
145
2934
834
114
9447
43972
20
858
71
14894
3393
459
16431
106213
14696
3
882
102830
24137
12307
12764
16328
5903
225118
463
0
0
0
0
481
54865
2102
1187
9
414
6057
174
87
1920
62293
1069
1682
69752
383
4671
265
59857
493
247
5
1356
305
51
24
205
9
93
21619
1704831
87
22461
11215
238823
80
2422
3761
25
1365
1
390
277
419
17642
963
3005
4
175
44
38567
11103
653
551
7200
6
5105
80322
0
16065
34622
4
827
38
21993
1419
66
540503
0
1964
76
75
54
573
11
2179
96599
2685
12
34263
2094
50246
104
594
5685
1749
5227
432
45
142
3550
563
243
0
13505
23768
44860
2225
1454
138
100
398
3459
0
270
93921
2842
17
124
8068
3910
1811
0
0
13051
1029
1275
109
4971
0
15728
876
14
210120
28320
28851
22524
340
6363
16681
134
1067
252
8216
3956
1085
9100
2673
0
154
553
23
436
545
0
234
154
1116
873
195
405
601
25
2604
5
25558
6639
4
45
155
3091
854
159
9731
44045
22
858
68
14995
3479
468
16787
106938
15612
3
1047
102104
24525
11921
13016
15601
5887
226067
455
0
0
0
0
481
56187
2190
1312
59
424
5925
175
86
1917
66753
1046
1707
70051
365
4671
280
59857
555
247
5
1349
305
51
24
227
9
90
21547
1738339
65
23129
11073
239194
84
2597
3604
25
1539
1
386
224
419
16571
970
2992
4
172
44
39850
11397
693
600
7393
6
5227
82238
0
16190
34688
4
845
33
22126
1775
149
552070
0
2026
76
72
54
545
11
2179
97190
2793
11
34270
2108
53424
104
594
5722
1860
5152
463
43
144
3711
534
170
0
13803
23733
45931
2361
1454
138
100
404
3313
0
281
95582
2932
19
120
8296
4245
1825
0
0
13493
1024
1313
109
4989
0
16372
875
14
215125
28487
28355
22338
363
6904
16496
135
1116
252
8623
4033
1203
8861
2869
0
155
541
23
422
573
0
226
149
1152
879
182
402
611
22
2612
5
23389
6592
4
45
175
3232
877
172
10085
44121
22
858
69
15158
3484
475
16469
106530
16570
3
1095
101702
25227
11813
13139
14823
6036
228316
556
0
0
0
0
465
57719
2249
1433
66
429
5650
173
90
1904
71121
981
1707
70248
350
4671
271
62357
590
260
5
1342
305
58
24
228
9
93
21689
1758754
62
23698
10856
239785
83
2703
3833
20
1733
1
392
235
415
16640
1014
3098
4
178
44
41195
11051
776
583
7596
6
5340
84012
0
15672
34696
4
845
29
22756
1865
198
554129
0
2083
71
71
54
583
11
2179
97435
2911
11
32476
2100
54491
96
594
5443
2007
5158
515
41
146
3834
514
104
0
14241
24311
46898
2494
1454
150
91
393
3313
0
286
95818
2932
20
119
8328
4361
1843
0
0
14129
1032
1313
119
4939
0
17001
878
14
220169
28703
28087
22406
373
7583
15563
139
1185
241
8562
4179
1250
8811
3002
0
114
561
23
420
591
0
224
191
1200
950
164
408
591
21
2612
5
23782
6686
4
44
221
3385
883
181
10341
44165
22
1198
65
15358
3557
491
16469
108273
17174
3
1115
101001
26015
11649
13060
14411
6269
225650
576
0
0
0
0
465
58408
2250
1625
70
428
5381
175
105
1924
75009
955
1690
70540
325
4671
275
63118
551
270
3
1342
305
57
24
234
9
93
21664
1788351
70
24289
10786
240031
85
2795
4132
20
1969
1
358
241
422
15411
999
3312
4
179
44
42806
11049
807
677
7831
4
5374
85262
0
14473
34734
8
845
27
23262
1986
198
570479
0
2200
71
75
54
623
10
2179
97598
2911
7
30847
2113
56396
96
855
5162
2220
5253
568
44
147
3900
495
99
0
14729
25794
47899
2590
1454
147
84
411
3313
0
208
96443
2963
20
122
7798
4467
1866
0
0
14963
1025
1313
119
4901
0
17597
857
18
226947
29241
27766
23207
375
8483
15255
142
1299
238
26818
4435
1293
8867
3665
0
117
531
24
432
626
0
216
232
1275
989
144
419
603
15
2666
5
24734
6755
4
43
249
3382
897
261
9360
44225
18
1198
65
15729
3550
507
16847
108642
17873
3
1139
100372
26803
11507
13077
12923
6315
221723
559
0
0
0
0
450
59767
2264
1783
70
439
5085
193
118
1902
80559
938
1650
70919
295
4365
280
64322
686
284
2
1326
305
56
24
233
7
87
20526
1829489
56
24492
10593
239916
90
2908
4359
19
2290
1
368
254
432
15174
1034
3387
3
201
43
44370
11163
832
722
8031
4
5160
84909
0
13555
34793
8
845
27
23899
2084
198
477282
0
2281
68
75
54
657
10
2179
97931
2931
9
29374
2112
58988
96
855
4696
2416
5264
647
46
147
4003
440
96
0
15291
26797
48891
2694
2178
159
79
410
3313
0
213
96835
2963
26
107
7564
4467
1892
0
0
15950
1025
1313
119
4850
0
18339
858
17
227439
29740
27659
23636
387
9176
15060
145
1463
238
27609
4680
1302
9110
4036
0
104
519
24
444
641
1
211
273
1339
1055
85
421
641
13
2750
1
25565
6744
7
41
289
3650
912
269
9168
44300
18
1198
54
15693
3556
513
17049
103722
18125
3
1176
99862
26858
11445
13098
11182
6696
222287
567
0
0
0
0
444
58187
2334
1996
70
451
4855
206
139
1903
83218
926
1650
71359
228
4365
282
65228
802
303
3
1316
305
62
24
229
7
89
20152
1831276
55
24866
10488
239832
91
3017
4116
15
2611
1
383
254
437
14174
1088
3301
3
203
42
46125
11367
837
787
8212
4
4997
86375
0
12676
34889
9
845
27
24732
2221
247
491292
0
2366
75
63
72
738
10
2179
98228
3011
11
28695
2107
61122
61
1012
4448
2636
5448
728
51
141
4118
409
101
0
15981
27566
49820
2797
2178
159
63
381
3313
0
213
97141
3021
26
107
7470
4941
1920
0
0
17098
1042
1064
125
4834
0
19261
832
17
235433
30091
27723
24158
394
10060
14884
146
1487
240
30255
4886
1302
9036
4131
0
95
503
24
450
661
1
210
321
1429
1165
81
424
661
13
2811
1
26063
6780
7
37
335
3898
933
325
9084
44373
18
1198
51
15867
3583
532
17567
103722
18352
3
1217
99521
27983
11247
13134
9949
6913
219942
566
0
3
0
0
439
59385
2373
2142
70
420
4684
226
155
1903
87874
936
1650
71784
195
4435
281
65999
936
318
4
1316
305
56
24
233
7
86
19992
1875515
62
25182
10670
240196
87
3116
4378
15
2860
1
369
254
442
12682
1108
3373
3
219
42
47965
11488
940
853
8269
4
4802
86961
0
12183
34976
9
845
27
25421
2221
247
522008
0
2538
80
67
72
751
10
2179
98441
3007
10
28204
2101
64038
61
1012
4236
2882
5583
798
56
144
4237
409
101
0
16796
28259
50652
2863
2178
159
54
406
3313
0
219
97141
3021
28
108
7178
4941
1945
0
0
18251
1040
1064
138
4773
0
19905
801
18
244814
30834
27521
24909
404
11024
14621
149
1652
238
31427
5182
1302
8995
4302
0
93
516
24
463
704
1
207
350
1621
1279
76
449
669
12
2893
1
26075
6696
7
35
391
4261
962
350
9042
44429
21
1198
51
16071
3611
537
17935
95570
18502
3
1231
99047
29087
11080
13192
8673
6997
217426
566
1
3
0
0
439
60815
2430
2347
70
420
4521
255
184
1896
93724
976
1650
71784
178
4486
275
65999
1033
328
4
1298
305
61
24
229
7
90
19912
1817227
59
25478
10679
240754
87
3252
4588
15
3359
1
374
254
509
12721
1160
3497
3
219
42
48711
11982
1057
959
8332
4
4621
87740
1
12260
35154
9
845
27
26196
2221
247
509143
0
2579
80
66
72
779
10
2179
98643
3007
11
28185
2103
66403
38
1012
4045
3232
5631
842
57
145
4303
410
144
0
17688
28455
51184
2987
2178
159
50
428
3313
1
224
97141
3021
28
108
6781
5093
1953
0
0
18919
1054
1064
138
4671
0
20814
783
20
253287
31473
27537
24989
422
11677
14642
138
1821
212
32526
5439
1416
9110
4487
0
94
526
68
460
753
1
212
396
1801
1279
77
408
684
11
2905
1
26295
6511
9
32
452
4255
979
387
9203
44501
22
1198
55
16401
3678
541
18048
95407
19416
3
1241
98172
31015
10687
13266
7387
7197
220143
535
1
3
0
0
439
62357
2397
2553
70
418
4333
270
205
1891
100236
1005
1650
71784
162
4486
288
65999
1003
345
4
1302
305
61
24
218
10
90
19853
1854401
48
26072
10920
241251
79
3402
5004
15
3770
1
375
254
527
12189
1183
3561
3
219
44
50334
12143
1194
1012
8397
4
4545
87373
1
12255
35193
9
845
27
27104
2661
282
495255
0
2664
89
65
72
724
10
2179
99055
3011
11
27795
2114
68110
38
1012
4024
3442
5507
897
60
146
4343
337
157
0
17835
28687
51562
3074
2178
159
50
434
3313
3
228
98230
3123
31
108
6882
4878
1996
0
0
19562
1054
1005
138
4434
0
21424
740
23
259571
31798
27237
24967
426
12359
14709
136
1863
200
33559
5489
1531
9270
5126
0
97
538
80
475
814
2
215
416
2082
1406
71
366
665
11
2919
2
25805
6267
9
31
512
3969
1004
460
9118
44536
22
1198
57
16804
3579
547
18371
94713
20528
3
1256
97312
32845
10668
13343
6314
7242
223002
535
1
3
0
0
439
62114
2472
2737
70
399
4240
271
221
1863
104563
982
1650
73025
149
4379
285
67628
1050
358
4
1295
305
65
24
215
8
100
18608
1881644
61
26313
11023
241594
73
3697
5243
28
3833
1
364
254
528
12285
1213
3817
3
248
44
51687
11875
1293
1029
8474
4
4653
88392
1
11665
35162
9
845
25
27617
2721
282
494836
0
2811
90
65
72
757
10
3032
99246
3043
11
26334
2113
69765
38
1012
4024
3653
5631
930
69
147
4424
296
202
0
18045
29301
52072
3149
2178
159
46
472
3313
3
233
98356
3123
31
105
6650
4683
2022
0
0
20208
1060
1005
143
4235
0
22114
742
22
264944
32132
26757
25764
432
13653
14242
136
2017
190
34497
5579
1678
9353
5205
0
96
523
80
482
852
2
218
437
2252
1482
72
331
673
11
2945
2
26557
6297
9
32
570
3728
1032
514
8634
44569
23
762
52
17012
3569
558
17773
91602
20766
3
1289
97388
34178
10646
13342
5908
7287
219634
574
1
3
0
0
432
60252
2387
2942
70
421
4112
266
205
1827
110054
989
1650
73362
115
4341
214
67897
1103
358
4
1297
305
65
24
207
8
106
17345
1928142
75
26353
10560
242023
71
3986
5522
27
4135
1
358
505
577
11958
1232
4041
1
248
44
48834
11872
1377
1086
8542
6
4760
89099
1
10927
35209
9
845
25
28524
2891
282
505352
0
2917
89
61
72
794
10
3032
99536
3007
11
24769
2100
72250
34
1249
4024
3882
5855
934
71
150
4453
290
190
0
18703
29301
52499
3198
2178
159
52
536
4224
3
136
98356
3143
31
107
6500
5129
2055
0
0
20640
1086
1005
143
4182
0
22563
736
21
269789
33135
26832
26784
440
14875
13595
141
2222
182
15658
5766
1801
9520
5678
0
103
542
80
490
926
2
223
484
1779
1495
70
324
641
10
2954
2
27891
6308
9
30
623
3213
1063
568
8636
44618
24
762
53
17192
3493
561
17969
90554
20963
3
1322
97030
36457
10269
13514
5308
7559
217381
581
1
3
0
0
428
60035
2419
3173
80
399
3949
297
223
1789
114221
987
1650
73741
116
4374
214
68376
1132
358
4
1299
305
65
24
205
8
121
16145
1968937
73
26222
10436
242531
74
3987
5833
22
4515
1
372
505
670
12104
1273
4183
1
257
13
50660
11811
1692
1151
8589
7
4905
88712
1
10353
35273
9
929
25
29121
3057
282
515148
0
3181
90
61
72
804
10
3032
99847
3006
11
24612
2142
75625
35
1249
4144
4437
5919
978
73
152
4439
262
228
0
19522
30137
52884
3312
2178
125
53
587
4423
8
144
99079
3143
28
109
6216
4712
2105
0
0
21769
1173
1005
145
4182
0
22901
742
20
276685
34668
25977
27228
458
16025
13459
140
2223
177
19346
6145
1951
9772
6102
0
105
607
113
517
997
2
214
553
1799
1548
63
313
629
9
2956
2
29129
6106
8
30
680
3390
1083
590
8605
44665
23
762
53
17513
3586
575
18468
89449
20940
3
1389
97332
37627
9923
13584
4696
7986
214920
584
1
3
0
1
429
60131
2472
3339
83
412
3752
346
236
1737
121558
985
1650
74279
164
4317
221
68833
1220
358
4
1289
305
59
24
206
5
126
14272
2015545
92
26335
9679
243089
70
4226
5748
22
4671
1
376
505
670
12341
1318
4122
0
318
14
53302
11648
1713
1195
8605
8
4722
89762
1
9896
35397
15
929
25
29945
3149
282
513068
0
3389
105
64
72
842
10
3032
100161
3064
11
24440
2142
79579
35
1392
4203
4709
5891
1038
78
155
4441
260
223
0
20221
30502
53259
3465
2178
125
50
606
4566
8
150
99495
2892
27
112
6241
4487
2165
0
0
22456
1200
1043
140
3892
0
23453
689
20
283407
35349
25258
28120
481
17302
13428
138
2568
177
23691
6534
2118
9983
6549
0
116
644
157
516
997
2
213
581
1926
1659
64
366
633
7
2946
2
29627
6101
8
27
680
3258
1102
642
8603
44708
24
762
53
17819
3449
584
19145
88094
20968
3
1460
97508
38324
9606
13683
4251
8405
213629
614
2
3
0
1
429
61309
2426
3639
89
417
3808
361
253
1737
128595
941
1650
75129
463
4278
227
69372
1324
378
4
1287
305
57
24
201
5
123
13759
2068451
68
26120
9751
243565
70
4443
6049
20
4988
1
386
505
609
12237
1401
4584
0
321
14
54291
11414
1962
1213
8616
11
4538
90790
6
9389
35491
15
795
25
31113
3422
282
524293
0
3597
111
64
72
856
23
2886
100320
3090
10
24034
2147
81713
14
1392
4167
4983
6004
1088
79
156
4536
260
223
0
21238
32071
53513
3621
2178
125
50
637
4848
8
162
99495
2892
27
115
6373
4282
2205
0
0
23353
1205
1043
126
3961
0
23911
660
17
292231
35764
24816
29060
501
18296
13303
133
2954
175
24175
6710
2387
9711
7028
0
124
730
157
531
1011
2
207
646
2257
1711
67
383
602
7
2968
2
30682
6112
9
28
816
3232
1126
642
8239
44787
25
762
39
18160
3519
587
19194
86975
21269
3
1538
96876
38813
9318
13912
4048
8794
211667
632
2
3
0
1
429
61903
2488
3911
89
414
3731
372
287
1695
132498
950
1650
75129
520
4259
228
69372
1349
378
6
1275
305
70
24
201
5
119
13420
2115572
61
26039
9474
244243
60
4733
6422
20
5362
1
382
505
644
12225
1415
4441
0
362
14
55627
11771
2103
1237
8642
11
4408
87829
6
9088
35729
15
795
8
31537
3541
360
527738
0
3665
114
64
72
856
23
2886
100507
3090
15
24160
2162
83952
14
1392
4229
5327
6028
1117
81
163
4575
260
204
0
22176
32540
53793
3780
2178
125
50
663
5003
8
165
99495
2892
27
114
6434
4192
2236
0
0
23922
1242
1043
126
3664
0
24359
603
23
301609
36455
24481
29632
518
19300
13179
128
3013
172
24064
7039
2562
9894
7510
0
124
878
199
536
1053
1
219
728
2454
1769
77
434
596
5
2845
2
29839
6073
8
27
873
3212
1148
758
8174
44888
25
762
39
18371
3526
591
19660
84442
21685
3
1651
97345
38679
9172
13945
3708
9106
214510
649
2
3
6
1
429
62898
2541
4091
89
418
3650
380
261
1702
137289
986
1650
75129
625
4259
228
69372
1315
378
6
1269
305
71
24
192
5
137
13115
2163411
53
26276
9381
244872
60
5085
6705
22
5252
1
389
441
639
12189
1462
4652
3
381
14
57189
11713
2308
1240
8617
11
4268
86186
6
9154
35729
15
795
8
32090
3576
360
520883
0
3618
114
69
61
931
32
2886
101136
3060
13
24077
2162
85371
14
1392
4265
5698
5978
1142
73
164
4512
297
192
0
22162
33027
54091
3979
2178
125
50
681
5208
8
166
100886
2505
27
123
6006
3782
2259
0
0
24177
1242
1043
128
3564
0
24667
579
22
311565
36636
24081
29487
528
20872
13157
121
3083
165
25469
7151
2640
9759
7757
0
124
960
209
534
1105
1
224
662
2549
1644
83
459
561
5
2798
2
28843
5997
8
39
933
2747
1210
832
6613
44959
25
762
39
18738
3486
593
20663
77628
22322
3
1662
97061
35036
9099
14091
3240
9355
217957
664
2
3
6
1
432
63026
2534
4294
89
404
3716
381
265
1636
145383
941
1774
77171
654
4256
236
70290
1378
398
6
1263
305
72
24
189
1
170
12948
2196652
52
26514
9351
245392
55
5497
6943
21
5443
1
399
441
672
12238
1508
4893
6
397
14
59475
11180
2448
1239
8644
14
4214
84406
6
8996
35771
16
795
6
33150
3576
360
529266
0
3699
111
70
61
931
32
2886
101493
3074
11
23204
2211
88464
12
1392
3997
6004
6042
1149
70
165
4545
291
180
0
22261
33956
54378
4106
2178
125
49
719
5400
8
172
100886
2505
27
114
6278
3782
2316
0
0
25117
1211
1043
135
3564
0
25012
557
21
319840
37226
23692
27630
560
22324
12919
109
3327
175
25131
7572
2640
9617
7757
0
121
962
205
534
1151
1
225
750
2658
1662
83
485
554
5
2707
2
29329
6020
8
54
933
2398
1259
833
6695
45015
27
766
39
19070
3475
610
21308
77573
22469
3
1741
98377
35483
9113
13833
3223
9851
215232
675
2
3
6
1
432
57960
2513
4574
89
397
3866
387
260
1603
147667
914
1774
77834
666
4179
240
70456
1248
418
4
1255
305
78
24
188
1
169
12871
2246010
56
26481
9213
246493
61
5691
7243
21
5636
1
402
441
701
11444
1560
4938
7
425
14
61798
11065
2662
1269
8651
17
4123
85610
7
8584
35842
16
795
6
33919
3841
360
541284
0
3747
103
65
61
911
33
2886
101824
3048
11
21934
2191
90549
12
1586
3988
6395
6170
1204
74
167
4613
300
164
0
23283
34530
54641
4239
2178
125
46
745
5605
8
88
101500
2411
27
116
5810
3780
2343
0
0
26100
1257
1043
139
3405
0
25832
542
16
331175
37247
23590
27814
571
23823
12493
106
4062
175
25747
7975
2663
9581
8405
0
125
1049
205
558
1173
0
221
764
2751
1566
86
496
548
4
2585
2
28361
6083
8
52
933
2182
1321
927
6113
45121
27
766
38
19500
3572
620
21928
73751
22844
3
1835
98934
36260
8635
13640
3195
10225
211069
679
2
3
6
1
401
55101
2611
4858
73
404
3863
392
266
1565
145903
925
937
78705
659
4258
246
70920
1380
436
4
1256
305
82
24
191
1
178
12788
2285605
39
26330
9095
246945
69
5855
7278
28
5936
1
399
441
674
11133
1610
5196
22
455
14
63551
11021
3003
1315
8575
22
4154
86864
7
8223
36190
16
878
8
35193
3907
473
537932
0
3924
103
63
95
973
38
2056
102257
3055
12
21107
2239
95441
10
1721
3758
6831
6104
1190
68
167
4617
319
141
0
24166
34898
54960
4402
2178
102
43
795
5897
8
85
101800
2411
41
108
5963
3716
2372
0
0
26728
1308
1103
140
3197
0
26612
528
16
342473
37450
22845
28310
585
25305
12473
108
3884
177
26264
7818
2663
9721
8596
0
126
1074
205
516
1227
0
230
899
3085
1588
77
545
542
4
2516
2
28786
5958
7
51
933
2317
1374
999
6056
45220
21
766
40
19793
3657
623
22194
73751
23531
3
1936
97977
38183
8521
13610
3157
10843
208891
699
2
4
6
1
401
53246
2590
4858
81
401
3843
409
264
1569
153961
919
955
80063
669
4258
305
71284
1421
455
4
1254
305
83
24
191
1
184
12613
2347154
37
26356
8382
247509
78
6208
7495
25
6048
1
419
441
914
10931
1585
5461
25
410
16
67343
10889
3161
1393
8490
27
4161
88085
6
7921
36410
16
789
9
36171
4051
473
539957
0
4112
105
62
102
1018
38
2056
102663
3048
12
21278
2287
95215
10
1958
3808
7104
6002
1192
57
169
4659
353
138
0
24748
35790
54984
4476
2178
96
41
829
6223
8
93
102417
2404
41
110
6057
3513
2396
0
0
27377
1158
1128
145
3091
0
27323
478
11
359060
37339
22776
28060
614
26323
12456
80
4175
178
28072
7857
2708
9436
9107
0
132
1175
236
520
1277
1
234
965
3305
1643
92
558
555
3
2406
2
28786
5906
7
76
1582
2102
1393
1044
5871
45328
22
766
20
20049
3704
632
22445
57886
23850
7
1948
98756
39593
8290
13605
3148
11502
207428
670
2
4
6
1
402
52283
2575
4858
81
404
3849
414
283
1569
154607
898
973
81459
674
4258
324
71662
1513
471
4
1247
305
85
24
205
4
191
12507
2401245
33
26318
7637
248082
88
6525
7232
26
6219
1
441
1251
958
10864
1633
5737
25
448
16
67697
10708
3406
1361
8334
36
4115
89387
6
7602
36617
16
789
9
37832
4267
473
548680
0
4258
107
61
102
1080
38
2056
102971
3082
14
20952
2275
98348
10
1958
3818
7595
5821
1204
54
173
4764
353
138
0
25941
36343
55053
4624
2178
96
40
920
6554
8
110
102417
2404
40
108
6135
3871
2415
0
0
13228
1195
1120
145
3030
0
28241
497
14
373542
37598
22327
28037
633
27616
12368
85
4749
181
28072
8085
2676
9477
13002
0
136
1250
284
499
1358
2
235
1039
3455
1644
96
561
542
4
2381
2
28786
5931
7
74
1664
2126
1425
1169
5825
45457
25
766
21
20391
3885
635
22424
53652
23696
8
1957
98416
41464
8204
13553
3131
12194
206078
715
2
4
9
1
392
51751
2647
4858
81
399
3795
425
261
1566
163701
894
973
81459
669
4372
371
71662
1623
471
4
1248
305
92
24
211
5
203
12229
2448574
39
26358
7456
248861
90
6976
7401
25
6549
1
437
1398
1014
10660
1667
5955
25
455
16
70390
10942
3551
1345
8200
51
3924
90265
7
7392
36617
16
789
7
38878
4422
473
559829
0
4327
98
59
102
1051
35
2056
103260
3082
13
20633
2315
98749
14
1958
3874
8086
5661
1207
51
174
4825
356
117
0
26780
36799
55093
4806
2178
96
40
950
6906
9
127
102417
2404
40
114
6243
4270
2439
0
0
13827
994
1120
154
3030
0
29134
514
14
390622
36977
21812
28221
643
28205
12440
87
5249
183
28434
7997
2632
9109
12997
0
139
1304
284
487
1400
2
252
1161
3492
1713
103
589
526
6
2282
2
50099
5920
7
74
1771
2042
1481
1209
5923
45603
26
766
21
20769
3921
635
22339
53555
23890
8
1772
98448
43160
8188
13578
3114
12815
208601
743
2
4
15
1
281
50699
2695
4858
81
409
3799
421
266
1569
168236
903
982
81459
678
4592
381
71662
1322
471
4
1243
305
96
24
212
5
227
12140
2501605
42
26737
7314
249560
99
7386
7807
26
6566
1
449
1398
1114
10600
1706
6204
29
499
16
72488
10829
3904
1373
8037
72
3843
91229
8
7420
36968
16
789
7
39898
4469
473
524226
0
4416
111
57
114
987
35
2056
104024
3093
13
20404
2409
101272
14
2135
3914
8449
5561
1147
51
172
4903
403
96
0
27402
37347
55126
5032
2178
96
40
953
7607
9
132
104175
2353
51
123
6161
3376
2443
0
0
11998
959
1120
155
3030
0
29771
511
9
402678
36998
21710
27988
649
29434
12404
93
5115
184
29482
7917
2669
9016
12997
0
139
1302
284
490
1490
2
266
1064
3303
1777
122
615
503
4
2136
1
46820
5953
5
74
1771
2154
1496
1298
5936
45790
27
766
22
21091
3946
641
22924
52427
24135
10
1544
99216
43991
8217
13533
3096
13354
211160
786
2
4
21
1
196
47567
2776
20771
81
384
3637
414
237
1575
173590
877
991
86038
678
4592
402
72409
1363
493
4
1235
305
96
24
214
5
232
12062
2533565
0
26853
7232
250134
104
7672
5374
24
6932
1
458
1578
1215
10688
1776
6532
29
528
16
75030
10386
4221
1401
7927
92
3732
92404
8
7249
37123
18
789
9
40794
4520
473
522828
0
4420
111
55
120
986
57
2412
104553
3095
11
19190
2452
105032
11
2135
3810
8549
5581
1116
41
174
5046
433
87
0
27822
38126
55206
5265
2178
96
41
1015
5444
9
143
104578
2353
51
130
6397
3505
2477
0
0
12013
840
1125
157
2854
0
30213
494
8
411296
37083
21842
28259
685
30874
12248
91
5474
68
27778
7660
2669
9103
12396
0
117
1362
284
463
1559
2
268
1135
3197
1801
130
632
499
4
2004
1
48448
6136
7
74
1920
2073
1525
1302
5477
45955
27
839
26
21319
4040
660
22942
51283
23919
18
1475
99762
45646
8375
13432
3079
12605
208082
802
2
4
21
1
144
46009
2767
21114
81
388
3823
455
238
1578
168286
884
991
87394
671
4592
405
72520
1470
509
4
1227
305
92
24
215
7
236
11963
2575072
114
26731
7193
250468
134
8265
5671
36
7232
1
432
1638
1306
10613
1775
6778
34
558
15
78781
10249
4399
1369
7805
117
3613
93301
5
6947
37472
18
874
9
42086
4688
473
552768
0
4620
96
57
120
1001
56
2412
104865
3080
9
18439
2610
109442
11
2135
3639
8968
5645
1127
49
174
5062
468
68
0
28572
38714
55230
5493
2178
96
44
1037
5830
9
114
105346
2306
84
150
6546
3429
2503
0
0
11806
815
1125
166
2918
0
30781
487
8
426330
37037
21720
28676
701
32345
12322
96
5664
74
27778
7788
2767
9248
12333
0
121
1454
284
452
1634
4
264
1213
3431
1944
142
691
502
5
1895
1
50937
6230
8
73
2007
2041
1546
1331
5368
46120
22
839
35
21716
4034
666
23276
50307
23604
22
1573
100537
46803
8381
13449
3067
13399
204115
817
2
4
15
1
132
45157
2836
21532
81
377
3922
474
243
1573
159833
883
991
88749
677
4694
416
72837
1411
529
8
1216
305
98
24
212
6
236
11643
2615956
117
26566
7038
250950
149
8409
5569
43
7382
1
431
1778
1498
10167
1820
6991
34
582
15
82510
10230
4681
1445
7615
172
3450
94101
5
6730
37666
20
742
9
42815
4821
543
583080
0
4493
98
57
74
1019
60
2412
105467
3080
35
18490
2695
110734
9
2135
3414
9601
5626
1112
40
179
5107
482
46
0
29704
39254
54867
5729
2178
72
46
1111
6091
9
124
105882
2306
107
158
6631
3429
2535
0
0
11704
765
1125
156
2807
0
31443
484
8
440298
36917
21730
28699
699
33496
12404
100
6244
85
28413
8203
2804
9204
11998
0
127
1598
284
433
1757
4
269
1249
3151
1944
143
677
482
6
1825
1
53350
6212
10
71
1991
2100
1571
1446
5358
46284
21
839
33
22054
4153
156
20942
44854
23780
20
1590
97497
48136
8388
13305
3062
14287
201552
816
2
2
15
1
131
44269
2918
21935
81
394
4056
505
257
1579
165699
864
1019
91361
665
4694
437
73087
1525
549
8
1209
305
114
24
228
5
238
11387
2661117
108
26564
6798
251667
167
8734
5732
47
6957
1
431
1978
1586
10154
1834
7654
42
604
19
85266
10187
4867
1461
7365
214
3496
94846
7
6567
37988
20
742
7
43369
4932
633
564914
0
4534
102
54
74
982
60
1784
106180
3051
35
18694
2807
111702
9
2231
3457
10077
5660
1032
41
181
5290
488
32
0
30416
39037
54584
5998
2178
72
44
1116
6708
9
131
106659
2472
150
176
6807
3095
2560
0
0
11464
762
1125
154
2868
0
31891
490
10
456234
36808
22022
29231
718
32230
12301
110
6716
100
28381
8548
2902
9285
11998
1
129
1695
284
443
1863
4
290
1297
3143
1993
161
662
479
12
1754
2
52258
6350
12
70
1979
2435
1579
1539
5383
46480
21
839
31
22135
4092
163
20425
29504
24039
21
1590
98695
50063
8386
13293
3054
14895
198745
824
2
2
13
0
236
44369
2949
22334
81
402
4176
513
259
1579
169882
928
1038
93613
659
4732
478
73300
1677
573
11
1195
305
114
24
237
6
251
11298
2705347
113
26650
6671
252313
186
8782
6002
50
7303
1
426
2043
1750
9995
1866
7542
42
635
19
87419
10053
5229
1502
7143
224
3405
96214
7
6380
38481
20
742
7
44795
4932
633
522705
0
4668
113
54
81
873
82
1784
106529
3033
30
18403
2916
112859
9
2231
3292
10862
5520
881
46
182
5253
489
32
0
31861
39985
54122
6282
2178
74
49
1174
7073
9
139
106661
2472
211
184
7235
3252
2591
0
0
11748
787
1125
160
2775
0
32627
504
10
468002
37218
22036
29972
741
33304
12442
116
7224
107
29312
8791
2995
9273
11672
1
130
1864
341
453
1979
4
305
1430
3209
1993
167
739
473
12
1696
2
53572
6488
8
70
2040
3058
1605
1608
5385
46625
21
839
30
22173
4117
182
20426
29857
24161
28
1609
98695
50763
8539
13229
3122
16140
196096
840
2
2
13
0
186
44488
3001
22334
75
405
4509
536
272
1564
164491
962
1038
93613
656
4778
505
73300
1825
591
11
1185
305
115
24
249
11
260
11100
2753091
120
27134
6591
253020
193
9010
5996
52
6949
1
420
2236
1882
9718
1943
8114
42
650
19
89069
10134
5600
1551
6949
240
3302
96643
9
6173
38767
20
699
10
45677
4932
633
519174
0
4732
113
54
81
838
82
1784
106843
2994
30
18583
3056
112859
19
2231
3117
11389
5322
855
59
186
3525
511
26
0
33242
40283
53625
6582
2178
74
43
1189
7529
9
144
106661
2472
211
195
7488
3307
2617
0
0
11707
813
1125
169
2793
0
33238
510
14
485277
37342
22259
30453
753
34461
12565
118
7944
116
29966
9580
2995
8967
11148
1
143
2007
365
449
2056
4
312
1513
3631
1902
173
759
476
26
1585
2
51614
6390
8
70
2017
3527
1658
1692
5440
46646
21
839
40
22300
4199
110
20322
29857
24871
51
1609
90268
52406
8641
13230
3116
16968
198652
898
2
2
13
0
153
43885
3081
23196
75
404
4821
574
288
1564
173587
971
1042
93613
665
4778
526
73300
1735
612
11
1163
305
124
24
251
11
260
11000
2789125
131
27751
6387
253749
210
9310
5575
55
6641
1
405
1992
1960
9796
1991
7973
52
667
18
91782
10014
5825
1599
6781
280
3231
97577
9
6221
39154
20
699
13
47056
5274
674
508116
0
4689
121
52
76
756
79
2180
107514
2994
37
18782
3258
117163
19
2317
2936
11902
5198
806
94
189
3715
543
24
0
32869
40733
52992
6849
2178
74
42
1257
7933
9
149
108928
2458
252
199
7673
3655
2651
1
0
11093
753
1125
188
2817
0
33536
523
21
495499
37292
22550
30983
764
36378
12581
129
8174
124
29659
9857
3201
8884
10790
1
143
2122
365
449
2186
4
319
1384
3339
1920
179
807
476
27
1399
2
47657
6252
8
67
2039
4018
1690
1734
4950
47064
21
839
36
22117
4183
125
19637
27421
25034
51
1600
98752
53649
8870
13205
3104
17902
201097
899
2
2
13
0
117
43238
3093
23598
75
400
5119
537
238
1560
170537
896
1084
93613
673
4765
534
73695
1599
634
15
1147
305
128
24
249
12
248
10920
2816444
140
28258
6322
254427
216
9414
5883
66
6791
1
375
1597
2126
